01.229
01.388
01.575
01:672
01.945
02.385
02.494
02.783
03.056
03.308
03.674
03.776
04.199
04.427

05.693
05.864
05.986
06.116
06.433
06.775
06.946
07.141
07.459
08.130
08.269
08.521
08.635
09.074
09.176
09.416

10.958
11.080
11.337
11.447
11.723
11.890
12.126
12.973
13.082
13.408
13.567
14.096
14.222
14.360
14.478

15.854
15.980
16.395
16.537
16.781
17.062
17.192
17.550
18.104
18.490

19.451
19.614
19.703
19.911
20.004
20.069
20.383
20.509
20.667
21.131
21.461
21.575
21.774
22.556
22.800
22.987
23.333
23.512
23.658
23.915
24.012
24.252
25.127
25.347
25.449
25.758
25.949
26.108
26.409
26.580
26.804
27.374
27.504
27.955
28.082
28.204
28.261
28.659

30.176
30.380
30.508
30.819
30.993
31.146
31.693
31.805
32.060
32.530
32.739
32.938
33.041
33.176

34.496
34.654
34.792
34.935
35.134

36.334
36.502
36.635
36.753
36.931
37.079

38.708
38.984
39.254
39.351
39.464
39.673
39.755
39.867
40.250
40.332
40.480

41.859
41.950
42.129
42.400
42.584
43.012
43.130
43.232
43.487
43.829
43.977

44.871
45.019
45.075
45.305
45.703
45.795
46.050
46.224
46.326
46.510
46.668
47.061
47.164
47.307
47.741
47.884
47.996
49.073
49.201
49.298
49.456

50.835
50.983
51.105
51.269
51.723
52.004

53.638
53.883
54.026
54.256

55.481
55.742
55.854
56.022
56.130
56.783
56.931
57.314
57.493
58.698
58.846
59.086
59.188
59.413
59.918
60.174
60.296
60.587
60.934
61.144
62.017
62.201
62.379
62.696
63.038

64.600
64.800
65.050
65.417
65.479
65.953
66.030
66.188
66.505
66.643
67.112
67.485
67.904
68.190
68.501
68.690
68.787
69.073
69.262
69.625

71.345
71.468
71.585
71.749
71.999

73.183
73.342
73.439
73.597
73.888

75.226
75.435
75.537
75.910
76.594
77.038

77.238
77.626

78.734
78.866
78.963
79.183
79.556
79.627
79.928

81.133
81.307
81.399
81.608
81.802
81.899
82.068
82.359

83.794
83.921
84.064
84.177
84.422
84.549
84.973
85.535
85.764
86.362
86.694
86.913
87.261
87.531
87.970

89.185
89.323
89.415
89.609
89.977
90.069

91.626
91.805
92.040
92.377

93.995
94.113
94.215
94.491
94.828
94.930
95.144

96.778
96.890
97.059
97.340

98.626
98.831
98.984
99.152
99.208